3.7048241206030026 0.7779679661050771 75.61226130653237 0.3897773200171692 0.6243214877105938 A
3.8180402010050836 0.7575574325614228 72.46979899497387 0.3868249750637377 0.621952550492188 A
3.826432160804008 0.760526678769511 73.36467336683386 0.3807216326607829 0.6170264440530754 A
3.8268341708542626 0.7628925826638295 73.8978391959798 0.3765478535895487 0.6136349514080409 A
3.822512562814097 0.7583617896662533 72.85668341708548 0.3701982762430216 0.6084392132686893 A
3.76678391959802 0.7623612020062734 71.7905527638166 0.37340055648844656 0.6110651000412693 A
4.076834170854238 0.7536873986609672 81.99467336683409 0.36880630129288894 0.6072942460561346 A
3.7073366834171138 0.7592743872458723 68.01678391959827 0.3532775816898454 0.5943715855337008 A
3.8334673366834 0.762199910934258 73.86447236180882 0.3671919983081165 0.6059636938861243 A
3.772562814070423 0.7716535129593609 75.47899497487168 0.38741810655031195 0.6224291980220015 A
4.350402010050239 0.7024109265827292 75.73216080402013 0.19028560326759253 0.4362173807490854 B
4.228643216080339 0.740973313906218 80.23170854271227 0.21823402786544432 0.4671552502813645 B
4.2412562814069235 0.7367831071851136 81.53261306532231 0.24166562934014357 0.4915949850640704 B
4.117688442210997 0.7520582590284928 80.57346733667956 0.24890362080500827 0.4989024161146228 B
4.228542713567789 0.7311202311107436 78.43608040200866 0.21401024500643004 0.4626124133726094 B
4.228643216080344 0.7322991761124913 79.04899497487314 0.2023662937804475 0.449851413002613 B
4.271658291457173 0.7387653153779007 83.11206030150257 0.22458775535967934 0.47390690579446015 B
4.393366834170708 0.7092956415920428 79.7096984924576 0.21320766615738826 0.46174415660340334 B
4.235477386934563 0.7348795587234318 79.33060301507099 0.2306852298552825 0.4802970225342673 B
4.22864321608044 0.7191011185494376 74.95195979899572 0.19246906896290844 0.4387129687653517 B
3.019849246231173 0.7826579242410804 51.791909547738456 0.40222482449936525 0.6342119712677815 C
3.2841206030151113 0.7792575911466334 60.06457286432123 0.39668505372337176 0.6298293846140967 C
2.923517587939729 0.8028206500442461 53.33206030150725 0.42836504759978394 0.6544960256562173 C
2.7727135678392125 0.8155165411448095 51.05592964824059 0.4197596604252192 0.6478886172986984 C
3.1636180904522866 0.7898196567772849 58.349396984923956 0.3805022931870188 0.616848679326639 C
2.9027135678392257 0.8019581171674866 52.58628140703445 0.43006866872046684 0.6557962097484757 C
3.1591959798995704 0.7924664986068787 60.01738693467262 0.40913010530034777 0.639632789419326 C
2.8912060301507836 0.8036381802313699 52.39708542713528 0.4401970177520604 0.6634734491688875 C
3.100804020100545 0.7879082118710485 55.99030150753716 0.4061394854296372 0.6372907385406108 C
3.2539698492462326 0.7776870084767713 58.7535175879393 0.39000584644325725 0.6245044807231228 C
4.391859296482399 0.7611716402284912 95.19341708542618 0.3252362894876293 0.5702949144851541 D
4.390351758793929 0.7592662382148361 94.70783919597854 0.30966669465416313 0.5564770387483774 D
4.3925628140702795 0.7791052228557984 104.32316582914339 0.3245331137471081 0.5696780790473758 D
4.3928140703517045 0.7667594827492504 99.39361809045079 0.3174772979217505 0.5634512382822053 D
4.349597989949749 0.7568289156672944 92.68964824120435 0.3444429143203307 0.5868925918090385 D
4.356783919598053 0.7442141873670021 86.96603015075365 0.266896470417418 0.5166202381028234 D
4.356482412060362 0.7443605883506774 86.98979899497469 0.2615804503042891 0.5114493624048124 D
4.390552763819045 0.747275078894366 91.05628140703307 0.2838334120350333 0.5327601824789774 D
4.356783919597954 0.7565672484097601 92.01849246230957 0.27308527088960866 0.5225756126051125 D
4.356783919597976 0.7553503806336481 91.08286432160756 0.2967402070023394 0.5447386593609264 D
3.1279899497487564 0.7870534280719469 54.68974874371881 0.3179805434206121 0.5638976355870027 E
3.286783919598008 0.7930797906520611 61.52407035175679 0.31916646833411133 0.5649481996910083 E
2.9123618090452292 0.7938789491153909 46.47422110552697 0.2661363863917481 0.5158840823205811 E
3.068040201005047 0.7966881436008477 52.373718592965105 0.27053728125552395 0.5201319844573337 E
3.284572864321602 0.7889361633359845 59.15542713567727 0.2965794102421488 0.5445910486246985 E
3.1632663316582903 0.7857876679307243 53.255829145727624 0.25814524065047284 0.5080799549780259 E
3.292763819095501 0.7640580483214192 53.752663316581334 0.2648901047321855 0.5146747562608696 E
3.186482412060304 0.7945381336622859 57.345477386934675 0.2916356114744585 0.5400329725808032 E
3.0716080402010015 0.7857661083911489 49.486683417084585 0.2505558609630978 0.5005555523247123 E
3.3827638190954796 0.7603109756475182 55.57432160803839 0.26532888847502145 0.5151008527220873 E
2.941407035175906 0.791596240564939 47.32206030150787 0.35509993245120036 0.5959026199398694 F
2.8140201005024683 0.7922235847528779 44.52603015075275 0.3246399071361666 0.5697718026860987 F
2.7954773869346825 0.817220901212008 47.893115577888885 0.36438469293702863 0.6036428521377758 F
2.9244723618090673 0.8231422241014146 56.09718592964721 0.37715699950756876 0.6141310930962287 F
2.926281407035179 0.8085377532043132 52.40030150753745 0.36074802782756926 0.6006230330478255 F
2.6821105527638136 0.8316644868363293 49.15778894472298 0.37705463498395064 0.6140477465018096 F
2.774371859296477 0.8200358360629396 49.9695477386932 0.3774656233428317 0.6143823104084555 F
2.9421608040201304 0.7969369830941664 47.55824120603046 0.3290876148960874 0.5736615856897579 F
2.9414070351758834 0.7905141965260102 46.823015075376944 0.3324880842655477 0.5766177973888317 F
2.8163819095477507 0.8040972050768158 45.35396984924644 0.343127203227191 0.5857706063188823 F
3.838341708542741 0.7575849219319278 73.19869346733344 0.3349797697658863 0.578774368615168 G
3.897638190954821 0.7551165906096813 74.54206030150435 0.3251037792605959 0.5701787257172929 G
3.8115577889447727 0.7725760828042796 76.78532663316463 0.36093653064314396 0.6007799352867437 G
3.8696482412060615 0.750871756029457 72.91643216080176 0.34781922047420644 0.5897620032472476 G
3.775628140703547 0.7653003904803719 74.34798994974743 0.3521386549581899 0.5934127189049708 G
3.8986934673367246 0.7610475633610618 77.63924623115327 0.3384770722330016 0.5817878240673326 G
3.774924623115611 0.7642743122918172 73.90311557788829 0.36865884668314597 0.6071728309823703 G
3.897336683417117 0.7664836056706593 78.60201005024972 0.3425683211913624 0.5852933633583781 G
3.87427135678392 0.7668315475777296 77.77110552763668 0.34265590073481245 0.585368175368983 G
3.8688442211055 0.7722922093708352 79.94819095477264 0.33367912173933784 0.5776496531110685 G
4.48492462311557 0.7466581090759594 88.6536180904525 0.33720698940683036 0.580695263806095 H
4.484924623115568 0.7669238348817075 95.1076884422107 0.29868335395570456 0.546519307944106 H
4.484924623115567 0.7749367862666919 99.54537688442122 0.34022851569404017 0.5832911071618014 H
4.392261306532677 0.7820655849177303 99.99452261306541 0.3202762404989751 0.5659295366907219 H
4.838090452261224 0.7582954165981912 113.8466331658257 0.31886660343171147 0.5646827458243359 H
4.51356783919595 0.7488094639781905 92.2799497487419 0.330186605451864 0.5746186608976983 H
4.484924623115632 0.7515772765848909 90.23457286432247 0.2778506906391291 0.5271154433699786 H
4.4500502512562745 0.7584731083704472 92.36190954773556 0.3227585919547292 0.5681184664792451 H
4.514623115577813 0.7579058224587836 94.19271356783725 0.28385608791443284 0.5327814635612175 H
4.5158793969849205 0.7659304403801126 99.0908040200998 0.2868465067169948 0.5355805324290595 H
2.306532663316609 0.7191672516288046 19.634120603015127 0.3086685421453968 0.5555794651941312 I
2.3065326633166214 0.6766429471559822 16.859296482412198 0.250362113330472 0.500361982299287 I
2.3065326633165855 0.7211902579498928 19.636683417085308 0.23858373273401548 0.4884503380426873 I
2.3065326633166077 0.7151513573755707 19.448894472361854 0.2725420295573309 0.5220555809081356 I
2.3065326633165752 0.7534104228970898 22.477386934673316 0.35639297681876414 0.596986580099389 I
2.306532663316578 0.7579345756396483 22.694472361808934 0.2817488118986869 0.530800161924134 I
2.3065326633166023 0.7773671874089663 25.259899497487588 0.3156215979394465 0.5618020985537937 I
2.406834170854285 0.7718416803113215 27.876884422110486 0.3470629564278606 0.5891204939805273 I
2.4099497487437467 0.7548713974148491 25.67884422110514 0.30132689073506436 0.5489325010737335 I
2.5250753768844434 0.7775014350436164 31.995025125627517 0.3405538742708349 0.5835699394852641 I
2.438793969849279 0.7770407795161195 30.25276381909504 0.39107987329863625 0.6253637927627697 J
2.5279396984925104 0.7758095783706357 31.909246231155727 0.42914882957499634 0.655094519573318 J
2.652512562814094 0.7764670349410434 34.386532663316004 0.35187159762378195 0.5931876580170747 J
2.650000000000036 0.7701145529886185 33.82090452261243 0.35939778351554746 0.5994979428784952 J
2.440201005025161 0.7870911887468433 31.09211055276357 0.4311138124668412 0.6565925772249037 J
2.5621105527638464 0.7572309227114115 29.67301507537686 0.33881164459229857 0.5820752911714244 J
2.562110552763845 0.7758041007593288 32.518592964823426 0.3683712201080592 0.6069359275146424 J
2.5623115577889815 0.7389923815559971 27.091256281406583 0.3036056267518335 0.5510041984883903 J
2.4407035175879535 0.7498751152381766 25.703165829144965 0.30008970764624654 0.5478044428865528 J
2.56201005025125 0.7631946010554922 30.0776381909547 0.33076390684578394 0.5751207758773664 J
4.205477386934634 0.7531489240634807 90.04396984924477 0.33429490953509344 0.5781824189086809 K
4.236783919597924 0.7583166812428903 91.67512562813822 0.3160192924420884 0.5621559324974597 K
4.266733668341646 0.7593899560321202 94.21497487436763 0.3265705111613071 0.5714634819140302 K
4.266432160803935 0.7635730476086049 95.40090452261018 0.3337933666447581 0.5777485323605401 K
4.26748743718586 0.7511655151857777 90.7044723618074 0.30195610527510286 0.5495053277950114 K
3.9937688442210773 0.7767126763205767 88.98321608039812 0.3363342851190367 0.5799433464736333 K
4.208592964824059 0.7631692686251206 91.70105527637874 0.30504359328044994 0.552307516950883 K
4.086834170854233 0.7631310900596321 87.9933668341678 0.3278430282694631 0.5725757838657369 K
4.559246231155745 0.734273236115087 97.30623115577583 0.3184819849877294 0.5643420815318749 K
4.39266331658272 0.7487419117650337 96.24110552763271 0.31500997481120907 0.5612574942138493 K
2.306532663316599 0.8442472658611629 38.067989949749006 0.49944702974672606 0.7067156640026638 L
2.5628140703517737 0.839336970989619 46.99492462311553 0.4640069480568695 0.681180554667314 L
2.8122110552763977 0.8215837879739522 51.587587939698594 0.4987517657382413 0.7062235947192937 L
2.5593969849246228 0.8452637396175633 47.784824120602984 0.45493611840609915 0.6744895243116079 L
2.815427135678408 0.839791197241867 55.6482412060305 0.4566553751799056 0.675762809852618 L
2.650150753768885 0.8365284376674071 50.131658291456816 0.49038698738666264 0.7002763650064613 L
2.916482412060324 0.8265968871381402 57.677437185929726 0.4641936942880069 0.681317616305352 L
2.651206030150767 0.8484080257513644 52.303919597989776 0.4756140495189368 0.6896477720684211 L
2.562211055276389 0.8344853165819024 42.770854271356725 0.42527710379787703 0.6521327348001149 L
2.56170854271358 0.837481244690919 43.1458291457288 0.4289536681523152 0.6549455459443291 L
6.770150753768674 0.6839863733864662 172.4021105527611 0.26489975095324286 0.5146841273570061 M
6.778643216080367 0.6718697683851933 165.36793969848904 0.24162271438851152 0.4915513344387456 M
7.118442211055329 0.6504202676548962 172.0591959798983 0.25275286103885836 0.5027453242337102 M
6.743015075376693 0.6811407668716812 170.80216080401328 0.23427997335923598 0.4840247652333876 M
6.643618090452108 0.6873636466946483 168.79130653266006 0.24050199205826353 0.49041002442676834 M
6.654924623115678 0.7076496355905524 177.42628140703772 0.257294018143489 0.5072415776959623 M
6.4593969849242825 0.7125580586702722 170.9458291457192 0.2626531627988883 0.512496988087626 M
6.801608040200902 0.7013810807913664 183.50125628140458 0.2635278004343205 0.5133495889102478 M
6.7946231155775205 0.7056399509258988 190.86758793968784 0.29089235341276565 0.5393443736730417 M
6.917135678391738 0.702234781111006 194.96175879396034 0.30623731534554594 0.5533871297252457 M
5.058090452261267 0.7290653685611781 110.66944723618003 0.35132690430796 0.5927283562543301 N
5.341055276381879 0.701631154736689 112.18663316582614 0.296751286268004 0.5447488286063624 N
5.2944723618089995 0.7252311304171823 121.68190954773699 0.37303677306126654 0.6107673641094999 N
5.251959798994947 0.7078753898494309 112.60060301507501 0.33614224956439465 0.5797777587700261 N
5.332261306532614 0.6949847115556543 110.6133165829109 0.2895404693063075 0.5380896480200186 N
5.158442211055256 0.6901695391586969 101.25376884421709 0.3191354937375067 0.564920785365087 N
5.090351758794016 0.6623959204278718 90.59075376884505 0.26527642104997856 0.5150499209299799 N
5.148643216080354 0.6902226751142737 101.11276381909146 0.3182113175803387 0.5641022226337516 N
5.122311557788874 0.684491621712005 96.96110552763427 0.27351701314358484 0.5229885401646817 N
5.119346733668255 0.7241273629679926 111.44954773869105 0.31024381739095813 0.5569953477282895 N
4.318944723618121 0.7368904056534998 86.96929648241272 0.35610570945177883 0.5967459337538705 O
4.3875376884421735 0.7311869655699095 87.26663316582895 0.3216106806014894 0.5671072919664227 O
4.355577889447198 0.7468413968238807 93.08371859296403 0.35601441945909124 0.5966694390188685 O
4.385929648241195 0.7482119354242481 94.18125628140695 0.35289529809852604 0.5940499121273616 O
4.382814070351791 0.7380576092174902 89.41276381909616 0.33014715442792264 0.5745843318677621 O
4.388492462311555 0.7485539322902551 94.20819095477358 0.3358992392868778 0.5795681489582375 O
4.358442211055315 0.7397851614523377 88.98879396984931 0.3227169329688613 0.5680818013005356 O
4.265376884422093 0.7484207345004797 87.91688442210996 0.3504783114693988 0.592012087266298 O
4.352412060301529 0.7417168125362665 89.3519597989947 0.3346402325698772 0.5784809699288967 O
4.36050251256276 0.7472096037423248 93.32437185929501 0.3611697005757243 0.6009739599813991 O
3.4132663316583445 0.7434652387107596 52.94231155778864 0.33417244829673926 0.5780765073039548 P
3.293618090452276 0.7542304443095843 49.004522613063564 0.27536546362463576 0.5247527642848924 P
3.33165829145732 0.7524773447000047 51.79005025125723 0.3117873317593042 0.5583792006865086 P
3.3313567839196128 0.7639142965118493 53.29336683417024 0.3316572548672943 0.5758969134031665 P
3.330854271356835 0.7674431765433277 53.59718592964865 0.28487421308805594 0.5337360893625762 P
3.3316582914573147 0.7580153847838149 52.51045226130682 0.2892192207898737 0.5377910568147017 P
3.33165829145732 0.7627206998577005 53.2983919597992 0.3253897111184057 0.5704294094087415 P
3.3308542713568343 0.7639404133144825 53.256231155779325 0.2866737121537322 0.5354191929261896 P
3.331658291457298 0.7563359451792756 52.60577889447217 0.3135965714249577 0.5599969387639165 P
3.55396984924623 0.7390003165279782 55.92241206030095 0.3476048158505989 0.5895802030687588 P
4.038592964824133 0.752075238053918 81.2192964824126 0.37679843943335084 0.6138390989773711 Q
3.853618090452259 0.7617154055754194 76.8342211055271 0.403490969609343 0.6352093903661555 Q
4.002462311557829 0.7604635250477476 81.74663316582935 0.3786130659579286 0.6153154198928616 Q
4.003668341708605 0.7490139136338975 79.08442211055356 0.37339873645867744 0.6110636108120638 Q
3.956834170854288 0.7562389757466756 79.09959798994991 0.3849502493623883 0.6204435907980582 Q
4.0048743718593185 0.7534881364656536 80.22407035175942 0.3753285305295348 0.6126406210247038 Q
4.009648241206031 0.7619960552592768 84.19517587939583 0.39052098337161256 0.6249167811569893 Q
4.002462311557843 0.7524243117646496 79.83768844221132 0.3853441027373044 0.6207609062572356 Q
3.98015075376889 0.7590167510859972 80.60668341708643 0.37695605287745526 0.6139674689081297 Q
4.004974874371927 0.7535125037617028 80.22603015075454 0.37311433833741886 0.6108308590251632 Q
4.390904522613081 0.7334958786166716 88.43090452260952 0.3057498904699121 0.5529465529957774 R
4.392261306532619 0.7383276939616281 89.96356783919461 0.32016023679956335 0.5658270378831002 R
4.393768844221079 0.7547769850993851 97.4180402010019 0.3303407088835912 0.5747527371692902 R
4.48095477386931 0.735152676212538 92.35060301507377 0.32434378677304637 0.5695118846635655 R
4.481105527638077 0.7116186997364944 82.6613567839155 0.26182432451198046 0.5116877216740504 R
4.226733668341708 0.7168161811709557 74.53030150753756 0.22898034329940833 0.47851890589548113 R
4.3567839195979845 0.7177374982768367 80.30663316582779 0.24610231433548 0.49608700278830126 R
4.355276381909501 0.709457136808741 78.88391959798822 0.23851020807553938 0.4883750690560887 R
4.355276381909513 0.7078097025159237 78.51236180904213 0.23566722715333965 0.48545569020595447 R
4.483417085427108 0.7036079107338492 81.59175879396886 0.26399203239815944 0.5138015496260784 R
3.1344723618090478 0.7139865452273675 41.220603015075085 0.30205957204362044 0.5495994651049257 S
2.847336683417098 0.7522861892208252 40.541105527637896 0.334019615666252 0.5779443015258927 S
2.989246231155795 0.7271553951214301 39.337788944723414 0.2485463539430691 0.4985442346904326 S
2.794271356783949 0.7559430223496377 39.01542713567789 0.3366293682608821 0.5801976975659953 S
2.8753266331658436 0.7420672524022883 39.30964824120547 0.2978707968232959 0.5457754087747962 S
3.2280402010050198 0.729863344554884 47.38442211055248 0.2877623147142628 0.5364348187005228 S
3.0134673366834055 0.7269088890126703 40.861155778893874 0.271502650816886 0.5210591624920207 S
3.076482412060317 0.7444525441341483 45.48281407035137 0.30014764778665654 0.5478573242977195 S
3.015376884422093 0.723783085250089 40.55417085427078 0.2687702624302275 0.5184305762879226 S
2.9850251256281584 0.7353875617421994 41.207889447235594 0.28026414358221585 0.5293997956008444 S
2.654623115577932 0.8442671764412752 51.63793969849293 0.5223605527638202 0.7227451506332092 T
2.6851256281407263 0.84859956841763 53.34492462311608 0.4549079227797308 0.6744686225316422 T
2.5280904522613366 0.8286171040229392 41.25964824120613 0.4841200200121175 0.6957873382091093 T
2.8030150753768814 0.8377756871052033 55.09954773869332 0.42984868122016145 0.6556284627898346 T
2.8033165829145856 0.8385533003292435 57.128592964824385 0.4884688751546592 0.6989054837062442 T
2.803015075376887 0.835659193914997 54.684522613065106 0.4228381410822829 0.6502600565022296 T
2.8019095477387124 0.8454503310806188 58.23844221105529 0.43803453069366277 0.6618417716445999 T
2.9212060301507554 0.833063125073841 59.537738693466764 0.4437023137041832 0.6661098360662325 T
2.813668341708572 0.8439564680498078 58.359195979899795 0.4784104751142666 0.6916722309839153 T
2.6851256281407276 0.8535545672595075 54.24341708542749 0.47027047170526215 0.6857626934335683 T
4.479497487437182 0.740223199481774 87.92708542713625 0.34459514658719925 0.5870222709465113 U
2.306532663316607 0.7802416232070635 26.626984924623496 0.3624701465872139 0.6020549365192631 U
4.4274874371859605 0.7504959828955912 87.6913065326628 0.3823077876821141 0.618310429866838 U
4.469899497487442 0.7499479613052338 91.34226130653055 0.3581069890911627 0.5984204116598654 U
4.50688442211054 0.7450537724053607 91.36226130653127 0.36360947387690346 0.6030003929326277 U
4.506884422110536 0.7518507137360985 92.68939698492369 0.36061861632280323 0.6005152923305145 U
4.449447236180895 0.7563478535594801 91.91718592964634 0.36052599366175536 0.6004381680587564 U
4.481105527638148 0.7379803285758452 87.58919597989764 0.3485245265270874 0.5903596586209862 U
2.3172864321608295 0.7572453827155899 24.099949748743256 0.3230684979545796 0.5683911487299741 U
2.2920100502512892 0.6662909429131644 16.43743718592966 0.2727263670740574 0.522232100769435 U
4.004572864321646 0.7411079143047286 73.57075376884325 0.4202432634276711 0.6482617244814559 V
3.8770351758794424 0.7624993731108827 75.12045226130557 0.4384656744778969 0.662167406686479 V
3.8791457286432713 0.7533393580278334 73.40206030150664 0.42551453119868515 0.6523147485675034 V
3.880100502512602 0.757789507913261 74.3411055276375 0.43499492815836094 0.6595414529492145 V
3.8762814070352323 0.7580640233740349 74.28291457286382 0.4411538973131809 0.6641941713935624 V
3.8862814070352014 0.7450176286713428 70.70336683417013 0.40561227241734515 0.6368769680380546 V
3.9583417085427497 0.7414312935921962 72.3942211055284 0.39682578280850683 0.6299410947132333 V
3.8341708542713935 0.7504315847372318 70.25748743718628 0.39240447179363164 0.6264219598590327 V
3.903115577889473 0.7444453042475314 71.16597989949481 0.37327377117999566 0.6109613499886843 V
3.8197989949748976 0.7613691959195622 73.27155778894479 0.4029400883184704 0.6347756204506206 V
6.304020100502242 0.6969136490302605 157.61155778893473 0.31725539222491117 0.5632542873559963 W
6.184472361808768 0.6968509974139165 153.0021608040101 0.31536966143528683 0.5615778320369197 W
6.3740703517586494 0.6920809791794236 159.33572864321425 0.2928101010706671 0.5411193039161207 W
6.373065326633008 0.6926548064423197 159.33678391959612 0.2898193533622754 0.5383487283929214 W
6.24376884422102 0.6879577631207728 149.37849246230942 0.28353945702127975 0.5324842317113998 W
6.50472361809031 0.6873577584974855 163.0197989949733 0.2910881887452204 0.5395258925623685 W
6.28638190954754 0.7116512171685321 163.96829145727867 0.31614442911792545 0.5622672221621365 W
6.348743718592991 0.7034274932936617 165.49929648241266 0.30347996073331696 0.5508901530553227 W
6.498643216080384 0.7023128683799856 169.75276381909612 0.30034177325067574 0.5480344635610754 W
6.377135678391985 0.7045642968239599 165.57979899497585 0.3072683309764929 0.5543178970378757 W
3.802160804020159 0.7570408274047816 74.24768844221116 0.41829427508143063 0.6467567356289616 X
3.8293467336683475 0.7609748854473967 77.52919597989911 0.39888503194362185 0.6315734572823828 X
3.9753768844220696 0.7674606782423166 85.42628140703394 0.37369056431653636 0.6113023509823403 X
3.889497487437189 0.7576641753252499 79.07407035175764 0.3665507455619625 0.6054343445510525 X
3.864271356783938 0.7597578657649211 78.59633165829034 0.369234119087883 0.6076463766763388 X
3.854974874371793 0.7665312241172577 80.55311557788806 0.37776536230143803 0.614626197213752 X
3.896884422110561 0.7573945865991544 79.1681909547729 0.35392990044441663 0.5949200790395435 X
3.8954271356783923 0.7578225455883432 79.15135678391883 0.3567898370621783 0.5973188738539729 X
4.235276381909503 0.7453511226474596 89.15517587939559 0.3895397827706207 0.6241312223968776 X
4.092211055276348 0.7494331026512937 84.7921105527628 0.3893280340142699 0.6239615645328404 X
3.3320100502513217 0.7850269072524217 62.65969849246208 0.4366725641397712 0.6608120490273851 Y
3.339246231155832 0.779967507983135 61.867839195979606 0.4270752900810353 0.6535099770325127 Y
3.252211055276443 0.7875739832271808 60.596783919595794 0.42962727803588013 0.6554595929848613 Y
3.3230150753768575 0.759263097352499 55.865226130653156 0.4187156290245158 0.6470823973996788 Y
3.32301507537687 0.7575681903665118 55.445125628140495 0.4149586550844654 0.64417284565904 Y
3.325427135678379 0.7568472524899402 55.47778894472338 0.4145730985328632 0.6438735112837484 Y
3.3249246231156233 0.7781725568629725 59.972964824121156 0.41126487967475095 0.6412993682163978 Y
3.286030150753785 0.7687040699277623 56.050502512562524 0.4094118598646298 0.6398529986368977 Y
3.313969849246238 0.7873971669683328 62.5710552763824 0.45329218296254786 0.6732697698267374 Y
3.449849246231147 0.787501885032521 68.2938190954773 0.435723616827858 0.6600936424688985 Y
2.5584422110552993 0.7888642088569326 37.9503517587934 0.39535249709601505 0.628770623594976 Z
2.560251256281398 0.7977143699099418 40.24557788944709 0.3424997986161952 0.5852348234821602 Z
2.690954773869373 0.7997168193368855 45.03864321608083 0.3465171902224664 0.5886571075103625 Z
2.804623115577869 0.7689876173008272 41.716482412059996 0.30442233055982987 0.5517448056482542 Z
2.8096482412060113 0.7761096689463101 43.992261306532434 0.3228465234463731 0.5681958495504636 Z
2.68587939698492 0.7962817153768241 43.575376884422155 0.3390572403474651 0.5822862185793728 Z
2.779346733668333 0.7767432146825559 43.166683417085515 0.3107872036059684 0.5574829177705524 Z
2.768994974874368 0.7821354487055276 43.551457286431805 0.33115617471779557 0.5754617056918693 Z
2.9209547738693487 0.7719001948461635 46.38422110552777 0.31110020359333374 0.5577635732040357 Z
2.928140703517612 0.7840428884720374 49.090804020098744 0.32677567106888655 0.5716429576832786 Z
