3.87 11128.00 193.80 108.91 -0.52 0.80
3.94 10615.50 194.96 108.19 -0.44 0.79
3.44 11423.00 192.67 109.59 -0.59 0.80
3.82 11626.50 192.67 109.59 -0.59 0.80
3.80 11857.50 191.96 110.01 -0.63 0.81
3.41 11943.50 190.91 110.61 -0.69 0.81
3.65 9437.00 191.92 110.03 -0.63 0.81
3.66 12473.00 187.50 112.50 -0.86 0.83
3.54 12093.50 189.12 111.62 -0.78 0.82
3.39 11582.00 193.01 109.38 -0.57 0.80
6.41 27723.00 154.59 124.59 -1.81 0.97
6.23 26803.00 159.00 123.55 -1.74 0.96
5.56 23916.00 163.25 122.38 -1.66 0.94
5.87 23978.00 165.28 121.77 -1.62 0.94
5.85 26092.50 156.75 124.10 -1.78 0.96
5.28 27978.50 150.75 125.36 -1.86 0.98
6.22 26571.50 158.53 123.67 -1.75 0.96
5.11 27091.00 157.14 124.01 -1.77 0.96
5.69 25786.00 162.86 122.50 -1.67 0.94
6.49 28367.00 151.41 125.24 -1.85 0.97
3.49 8401.50 198.41 105.96 -0.21 0.76
3.74 8516.00 198.33 106.01 -0.21 0.76
3.49 8289.00 200.36 104.63 -0.06 0.75
3.81 8577.50 198.33 106.01 -0.21 0.76
3.96 9318.00 193.61 109.02 -0.53 0.80
3.57 8038.50 200.91 104.25 -0.02 0.75
3.73 8411.00 199.40 105.29 -0.13 0.76
3.49 7656.00 203.73 102.20 0.23 0.72
3.69 8317.50 199.68 105.10 -0.11 0.75
3.88 8747.00 196.98 106.90 -0.31 0.77
5.25 11164.50 180.93 115.77 -1.15 0.87
5.53 25087.00 178.50 116.86 -1.24 0.88
5.39 23804.50 178.28 116.95 -1.25 0.88
4.81 25020.50 179.25 116.52 -1.21 0.88
5.52 24271.50 189.43 111.45 -0.76 0.82
4.49 28354.50 169.29 120.46 -1.52 0.92
4.42 28133.50 167.17 121.17 -1.57 0.93
5.13 26666.00 171.92 119.51 -1.45 0.91
5.51 28069.50 169.78 120.29 -1.51 0.92
4.94 27934.00 178.50 116.86 -1.24 0.88
5.43 10348.00 186.70 112.92 -0.90 0.84
5.27 10638.00 185.00 113.80 -0.98 0.85
5.36 11816.00 175.77 118.01 -1.33 0.89
6.32 11524.00 177.65 117.22 -1.27 0.89
5.88 11196.50 181.38 115.55 -1.13 0.87
5.55 12762.00 170.81 119.92 -1.48 0.92
5.53 11394.50 178.90 116.68 -1.22 0.88
6.18 10560.00 184.08 114.26 -1.02 0.85
5.69 12094.00 173.95 118.74 -1.39 0.90
5.69 11566.50 178.10 117.03 -1.25 0.88
4.58 9418.00 191.25 110.42 -0.67 0.81
4.34 10694.00 183.05 114.76 -1.06 0.86
4.68 10060.00 188.62 111.90 -0.81 0.83
4.07 9553.00 191.43 110.31 -0.66 0.81
4.48 10203.00 188.21 112.12 -0.83 0.83
4.36 10053.00 188.97 111.70 -0.79 0.83
4.34 9660.00 191.25 110.42 -0.67 0.81
3.86 10812.00 183.05 114.76 -1.06 0.86
4.07 10378.50 185.79 113.40 -0.94 0.84
3.83 10404.00 185.79 113.40 -0.94 0.84
4.31 9823.00 188.89 111.75 -0.79 0.83
4.16 10320.00 186.19 113.19 -0.92 0.84
4.77 9153.00 193.65 109.00 -0.53 0.80
4.48 9356.50 192.26 109.83 -0.61 0.80
4.69 9652.00 191.09 110.51 -0.68 0.81
4.71 10071.00 188.53 111.94 -0.81 0.83
4.53 9040.50 194.92 108.21 -0.45 0.79
4.66 10070.50 188.53 111.94 -0.81 0.83
4.73 9799.50 189.81 111.24 -0.74 0.82
4.83 10383.00 185.79 113.40 -0.94 0.84
5.43 10087.50 188.25 112.10 -0.83 0.83
5.43 12888.00 170.71 119.96 -1.48 0.92
3.90 10525.50 183.87 114.36 -1.03 0.85
5.67 11651.50 177.89 117.12 -1.26 0.88
5.09 11068.00 180.99 115.74 -1.15 0.87
4.26 10493.00 185.52 113.54 -0.96 0.85
3.62 13370.00 165.75 121.63 -1.60 0.93
4.99 11243.50 180.79 115.83 -1.15 0.87
4.80 13146.50 168.65 120.68 -1.53 0.92
4.90 12559.00 171.92 119.51 -1.45 0.91
2.30 10717.50 183.96 114.32 -1.02 0.85
2.84 12487.00 172.12 119.44 -1.44 0.91
2.72 15644.00 153.00 124.92 -1.83 0.97
2.23 12754.00 171.21 119.77 -1.47 0.91
3.16 9851.00 189.66 111.32 -0.75 0.82
2.27 13846.00 164.16 122.12 -1.64 0.94
3.14 12385.00 172.83 119.17 -1.42 0.91
3.20 10848.00 183.36 114.61 -1.05 0.86
3.19 12652.00 171.35 119.72 -1.46 0.91
3.79 10978.50 182.14 115.20 -1.10 0.86
2.54 9277.00 194.29 108.61 -0.49 0.79
2.45 7851.00 203.12 102.66 0.17 0.73
2.33 10961.00 183.25 114.67 -1.05 0.86
2.29 10615.00 185.45 113.57 -0.96 0.85
2.26 8254.00 200.91 104.25 -0.02 0.75
2.82 11296.50 180.93 115.77 -1.15 0.87
2.21 10486.00 186.56 113.00 -0.91 0.84
2.15 12420.50 174.05 118.70 -1.38 0.90
1.93 13045.00 170.00 120.21 -1.50 0.92
3.11 11412.00 179.78 116.29 -1.19 0.88
4.02 10232.50 186.77 112.89 -0.90 0.84
4.86 11258.00 179.83 116.27 -1.19 0.87
4.56 11265.00 181.04 115.71 -1.14 0.87
4.79 10930.00 183.25 114.67 -1.05 0.86
4.86 11832.50 176.36 117.77 -1.31 0.89
4.67 11013.50 182.69 114.93 -1.08 0.86
4.69 11664.00 176.94 117.52 -1.29 0.89
3.90 10886.50 182.72 114.92 -1.08 0.86
4.63 10756.50 182.72 114.92 -1.08 0.86
3.86 42.00 178.28 116.95 -1.25 0.88
3.72 6520.00 210.38 96.89 0.93 0.67
3.53 7951.50 202.41 103.18 0.11 0.73
3.61 6633.50 211.17 96.20 1.03 0.66
3.60 8444.50 199.22 105.42 -0.15 0.76
3.76 8299.00 200.25 104.71 -0.07 0.75
3.16 7195.50 207.14 99.57 0.56 0.70
3.54 8148.50 201.71 103.68 0.05 0.74
2.98 7659.00 203.57 102.32 0.21 0.73
2.80 9060.00 194.89 108.23 -0.45 0.79
2.89 8915.50 195.80 107.66 -0.39 0.78
5.97 12564.00 171.85 119.54 -1.45 0.91
5.61 13618.00 164.01 122.16 -1.64 0.94
5.18 11883.00 175.02 118.31 -1.35 0.90
5.04 14668.00 158.54 123.66 -1.75 0.96
5.04 14360.50 160.76 123.09 -1.71 0.95
5.21 13843.00 162.03 122.73 -1.68 0.95
5.25 13559.50 164.43 122.03 -1.63 0.94
6.38 13043.50 168.06 120.88 -1.55 0.93
5.00 11232.00 178.87 116.69 -1.22 0.88
4.84 10498.00 183.54 114.52 -1.04 0.86
5.28 9614.50 190.64 110.77 -0.70 0.82
4.35 11274.00 179.59 116.38 -1.20 0.88
4.69 8654.00 196.60 107.15 -0.34 0.78
5.18 9609.50 190.64 110.77 -0.70 0.82
3.93 11800.00 176.39 117.75 -1.31 0.89
3.79 10251.00 186.19 113.19 -0.92 0.84
4.02 12303.00 174.52 118.51 -1.37 0.90
3.65 10152.50 186.87 112.84 -0.89 0.84
4.33 12410.50 172.86 119.16 -1.42 0.91
4.83 11815.50 176.68 117.63 -1.30 0.89
5.09 25161.50 193.07 109.35 -0.56 0.80
4.99 26379.00 185.34 113.63 -0.96 0.85
4.28 25353.00 191.97 110.00 -0.63 0.81
4.30 24435.50 189.66 111.32 -0.75 0.82
5.36 25760.50 185.79 113.40 -0.94 0.84
4.13 25084.00 185.03 113.78 -0.98 0.85
5.21 26430.00 183.36 114.61 -1.05 0.86
4.87 9734.50 190.04 111.11 -0.73 0.82
5.11 25825.00 187.61 112.44 -0.86 0.83
3.65 24606.50 190.97 110.58 -0.68 0.81
4.52 68.50 190.82 110.67 -0.69 0.81
3.70 73.50 170.00 120.21 -1.50 0.92
3.90 17123.50 182.14 115.20 -1.10 0.86
3.97 16981.00 186.70 112.92 -0.90 0.84
3.89 18962.50 171.21 119.77 -1.47 0.91
3.83 18103.00 173.04 119.09 -1.42 0.91
4.53 16864.50 184.88 113.86 -0.98 0.85
3.93 18386.50 172.12 119.44 -1.44 0.91
4.51 16991.00 183.05 114.76 -1.06 0.86
3.59 9740.00 189.43 111.45 -0.76 0.82
4.51 22625.50 193.80 108.91 -0.52 0.80
4.21 37.00 197.86 106.33 -0.25 0.77
4.27 22665.50 192.72 109.56 -0.58 0.80
3.97 21906.00 192.23 109.85 -0.61 0.81
4.09 21816.50 194.68 108.36 -0.46 0.79
4.23 21956.00 193.21 109.26 -0.55 0.80
3.80 21222.50 194.29 108.61 -0.49 0.79
4.09 21727.00 195.66 107.75 -0.40 0.78
4.11 21790.00 192.72 109.56 -0.58 0.80
4.40 22468.00 193.21 109.26 -0.55 0.80
4.39 15225.50 182.14 115.20 -1.10 0.86
5.27 14626.00 184.57 114.01 -1.00 0.85
4.05 14270.00 185.03 113.78 -0.98 0.85
5.04 14291.00 185.79 113.40 -0.94 0.84
4.83 57.50 170.00 120.21 -1.50 0.92
5.19 19549.00 158.58 123.65 -1.75 0.96
4.16 18242.50 164.25 122.09 -1.64 0.94
4.16 17872.00 164.25 122.09 -1.64 0.94
4.17 18222.00 162.75 122.53 -1.67 0.94
3.44 12856.50 169.50 120.38 -1.51 0.92
3.29 611.50 186.81 112.86 -0.90 0.84
3.57 9623.00 190.09 111.08 -0.73 0.82
4.70 11773.50 176.54 117.69 -1.31 0.89
3.54 68.50 189.95 111.16 -0.74 0.82
4.07 10467.50 184.63 113.99 -1.00 0.85
4.20 10663.00 183.76 114.42 -1.03 0.85
4.59 10948.00 182.14 115.20 -1.10 0.86
4.45 10264.00 186.19 113.19 -0.92 0.84
4.43 11072.50 181.28 115.60 -1.13 0.87
4.42 10774.00 183.01 114.78 -1.06 0.86
4.03 5887.00 215.25 92.50 1.60 0.62
4.09 8048.00 201.75 103.65 0.05 0.74
3.10 6624.00 210.38 96.89 0.93 0.67
4.22 8753.00 197.86 106.33 -0.25 0.77
4.33 6628.00 210.48 96.80 0.94 0.67
4.29 8855.00 197.14 106.80 -0.30 0.77
3.61 8299.00 199.68 105.10 -0.11 0.75
3.43 8077.50 201.03 104.16 -0.01 0.74
3.03 7326.00 205.42 100.92 0.38 0.71
3.91 7833.00 203.25 102.56 0.18 0.73
3.43 10005.00 187.50 112.50 -0.86 0.83
2.98 10639.00 184.88 113.86 -0.98 0.85
4.37 8658.00 196.50 107.22 -0.34 0.78
4.28 9745.00 189.56 111.37 -0.76 0.82
4.70 9634.50 190.91 110.61 -0.69 0.81
4.78 10106.00 188.21 112.12 -0.83 0.83
4.25 9842.00 188.89 111.75 -0.79 0.83
3.30 9974.00 187.86 112.31 -0.84 0.83
2.39 11776.00 178.10 117.03 -1.25 0.88
1.99 11250.00 181.18 115.65 -1.14 0.87
3.24 7915.00 202.14 103.37 0.09 0.74
3.05 7923.50 202.38 103.19 0.11 0.73
3.10 8230.50 200.36 104.63 -0.06 0.75
3.15 8040.00 201.71 103.68 0.05 0.74
3.09 7819.00 203.06 102.70 0.16 0.73
3.02 8596.00 197.86 106.33 -0.25 0.77
2.93 8797.50 196.50 107.22 -0.34 0.78
2.83 9150.00 194.25 108.63 -0.49 0.79
3.08 9679.50 191.05 110.53 -0.68 0.81
2.96 9074.00 194.79 108.30 -0.46 0.79
4.48 10761.00 183.20 114.69 -1.06 0.86
4.44 10840.50 182.67 114.95 -1.08 0.86
4.83 11645.50 177.39 117.33 -1.28 0.89
4.74 11815.50 176.28 117.80 -1.31 0.89
4.43 12076.00 174.44 118.54 -1.37 0.90
4.84 11545.50 177.95 117.10 -1.26 0.88
4.57 11024.50 181.13 115.67 -1.14 0.87
5.33 11236.00 179.52 116.41 -1.20 0.88
4.39 11457.50 177.97 117.09 -1.26 0.88
4.00 11407.50 178.50 116.86 -1.24 0.88
3.84 7382.50 204.61 101.54 0.31 0.72
4.01 8282.50 199.49 105.23 -0.13 0.76
3.91 9488.50 192.08 109.94 -0.62 0.81
4.10 9445.50 192.55 109.66 -0.59 0.80
4.04 9321.00 193.13 109.31 -0.56 0.80
3.92 9206.50 193.73 108.95 -0.52 0.80
4.18 9771.50 190.24 111.00 -0.72 0.82
4.11 9675.50 190.82 110.67 -0.69 0.81
3.77 8606.00 197.60 106.50 -0.27 0.77
3.64 8591.50 197.60 106.50 -0.27 0.77
2.75 53.00 201.71 103.68 0.05 0.74
2.88 8281.00 199.68 105.10 -0.11 0.75
2.88 8616.00 197.66 106.46 -0.26 0.77
3.00 8477.50 199.22 105.42 -0.15 0.76
2.98 8454.50 199.22 105.42 -0.15 0.76
3.10 8464.50 199.22 105.42 -0.15 0.76
3.08 8968.50 195.75 107.69 -0.39 0.78
3.09 9019.00 195.80 107.66 -0.39 0.78
2.65 7869.00 202.58 103.05 0.12 0.73
3.16 8417.50 199.30 105.36 -0.14 0.76
3.77 431.00 199.14 105.47 -0.15 0.76
4.91 9514.50 191.25 110.42 -0.67 0.81
4.51 9370.00 192.00 109.98 -0.62 0.81
5.06 10141.00 187.00 112.77 -0.89 0.84
5.06 9757.00 189.66 111.32 -0.75 0.82
4.84 9633.00 190.45 110.87 -0.71 0.82
5.11 10071.00 187.27 112.62 -0.87 0.84
4.82 10088.50 188.21 112.12 -0.83 0.83
4.71 10615.00 185.18 113.71 -0.97 0.85
4.65 10407.50 186.43 113.06 -0.91 0.84
